greedy_avg,0.1,100,62,26980,0.081
greedy_avg,0.1,150,92,40080,0.032
greedy_avg,0.1,200,122,51280,0.057
greedy_avg,0.1,250,147,64480,0.105
greedy_avg,0.1,300,167,74080,0.132
greedy_avg,0.1,350,188,85620,0.222
greedy_avg,0.1,400,208,94220,0.311
greedy_avg,0.1,450,228,104520,0.393
greedy_avg,0.1,500,253,116720,0.541
greedy_avg,0.1,600,287,134980,0.756
greedy_avg,0.1,800,359,174260,1.536
greedy_avg,0.1,1000,421,212240,2.603
greedy_avg,0.1,1500,554,300560,6.731
greedy_avg,0.1,2000,666,388040,12.723
greedy_avg,0.1,2500,775,448700,21.439
greedy_avg,0.1,3042,892,543680,35.335
greedy_avg,0.2,100,47,13580,0.079
greedy_avg,0.2,150,69,19960,0.028
greedy_avg,0.2,200,88,25220,0.067
greedy_avg,0.2,250,104,31960,0.082
greedy_avg,0.2,300,114,35260,0.123
greedy_avg,0.2,350,128,39720,0.182
greedy_avg,0.2,400,143,55920,0.236
greedy_avg,0.2,450,150,59000,0.321
greedy_avg,0.2,500,168,64420,0.428
greedy_avg,0.2,600,179,59260,0.668
greedy_avg,0.2,800,202,72880,1.37
greedy_avg,0.2,1000,242,96480,2.303
greedy_avg,0.2,1500,295,120000,5.611
greedy_avg,0.2,2000,337,143080,10.751
greedy_avg,0.2,2500,370,168600,17.344
greedy_avg,0.2,3042,407,199380,27.077
greedy_avg,0.3,100,39,9360,0.101
greedy_avg,0.3,150,57,13580,0.031
greedy_avg,0.3,200,66,15940,0.061
greedy_avg,0.3,250,72,18180,0.122
greedy_avg,0.3,300,76,20040,0.142
greedy_avg,0.3,350,90,24000,0.226
greedy_avg,0.3,400,99,26660,0.274
greedy_avg,0.3,450,108,29320,0.354
greedy_avg,0.3,500,113,31520,0.486
greedy_avg,0.3,600,115,33300,0.777
greedy_avg,0.3,800,133,41020,1.507
greedy_avg,0.3,1000,150,48300,2.428
greedy_avg,0.3,1500,189,66560,5.753
greedy_avg,0.3,2000,213,81720,10.537
greedy_avg,0.3,2500,232,96480,17.295
greedy_avg,0.3,3042,239,107360,26.914
greedy_avg,0.4,100,29,6160,0.089
greedy_avg,0.4,150,44,8860,0.04
greedy_avg,0.4,200,49,10160,0.082
greedy_avg,0.4,250,53,11720,0.151
greedy_avg,0.4,300,58,13520,0.181
greedy_avg,0.4,350,65,15500,0.267
greedy_avg,0.4,400,68,17120,0.338
greedy_avg,0.4,450,77,19280,0.432
greedy_avg,0.4,500,82,21180,0.545
greedy_avg,0.4,600,91,23740,0.818
greedy_avg,0.4,800,95,27100,1.578
greedy_avg,0.4,1000,115,34100,2.707
greedy_avg,0.4,1500,134,47160,5.915
greedy_avg,0.4,2000,155,56900,11.282
greedy_avg,0.4,2500,166,67040,17.883
greedy_avg,0.4,3042,172,74580,28.999
greedy,0.1,100,62,73480,0.041
greedy_fine,0.1,100,62,8680,0.113
greedy,0.1,150,92,101180,0.026
greedy_fine,0.1,150,92,12880,0.158
greedy,0.1,200,122,140880,0.063
greedy_fine,0.1,200,122,17080,0.259
greedy,0.1,250,147,310680,0.072
greedy_fine,0.1,250,147,20580,0.357
greedy,0.1,300,167,306280,0.104
greedy_fine,0.1,300,167,23380,0.623
greedy,0.1,350,188,428320,0.145
greedy_fine,0.1,350,188,26320,0.898
greedy,0.1,400,208,493420,0.232
greedy_fine,0.1,400,208,29120,1.288
greedy,0.1,450,228,643420,0.349
greedy_fine,0.1,450,228,31920,1.615
greedy,0.1,500,253,643520,0.388
greedy_fine,0.1,500,253,35420,2.111
greedy,0.1,600,287,908580,0.593
greedy_fine,0.1,600,287,40180,2.887
greedy,0.1,800,359,880560,1.267
greedy_fine,0.1,800,359,50260,3.882
greedy,0.1,1000,421,1331940,2.185
greedy_fine,0.1,1000,421,58940,5.933
greedy,0.1,1500,554,2393660,4.921
greedy_fine,0.1,1500,554,77560,9.876
greedy,0.1,2000,666,3762740,9.655
greedy_fine,0.1,2000,666,93240,15.236
greedy,0.1,2500,775,5030200,15.811
greedy_fine,0.1,2500,775,108500,24.265
greedy,0.1,3042,892,6112880,25.175
greedy_fine,0.1,3042,892,124880,35.457
greedy,0.2,100,47,90580,0.028
greedy_fine,0.2,100,47,6580,0.11
greedy,0.2,150,69,79060,0.015
greedy_fine,0.2,150,69,9660,0.155
greedy,0.2,200,88,105220,0.028
greedy_fine,0.2,200,88,12320,0.152
greedy,0.2,250,104,163460,0.036
greedy_fine,0.2,250,104,14560,0.396
greedy,0.2,300,114,198460,0.053
greedy_fine,0.2,300,114,15960,0.459
greedy,0.2,350,128,221220,0.072
greedy_fine,0.2,350,128,17920,0.834
greedy,0.2,400,143,338720,0.096
greedy_fine,0.2,400,143,20020,1.513
greedy,0.2,450,150,413300,0.117
greedy_fine,0.2,450,150,21000,1.16
greedy,0.2,500,168,364520,0.181
greedy_fine,0.2,500,168,23520,1.786
greedy,0.2,600,179,671460,0.237
greedy_fine,0.2,600,179,25060,2.614
greedy,0.2,800,202,797280,0.449
greedy_fine,0.2,800,202,28280,2.677
greedy,0.2,1000,242,921980,0.747
greedy_fine,0.2,1000,242,33880,4.097
greedy,0.2,1500,295,1394300,1.765
greedy_fine,0.2,1500,295,41300,5.987
greedy,0.2,2000,337,2056580,3.695
greedy_fine,0.2,2000,337,47180,9.179
greedy,0.2,2500,370,2844600,5.823
greedy_fine,0.2,2500,370,51800,12.74
greedy,0.2,3042,407,3313580,8.896
greedy_fine,0.2,3042,407,56980,17.748
greedy,0.3,100,39,50860,0.041
greedy_fine,0.3,100,39,5460,0.173
greedy,0.3,150,57,88380,0.029
greedy_fine,0.3,150,57,7980,0.212
greedy,0.3,200,66,128740,0.017
greedy_fine,0.3,200,66,9240,0.23
greedy,0.3,250,72,178580,0.023
greedy_fine,0.3,250,72,10080,0.322
greedy,0.3,300,76,234640,0.032
greedy_fine,0.3,300,76,10640,0.744
greedy,0.3,350,90,250000,0.059
greedy_fine,0.3,350,90,12600,0.993
greedy,0.3,400,99,343160,0.073
greedy_fine,0.3,400,99,13860,1.695
greedy,0.3,450,108,339820,0.071
greedy_fine,0.3,450,108,15120,1.746
greedy,0.3,500,113,365520,0.104
greedy_fine,0.3,500,113,15820,2.134
greedy,0.3,600,115,478200,0.157
greedy_fine,0.3,600,115,16100,2.291
greedy,0.3,800,133,605620,0.337
greedy_fine,0.3,800,133,18620,4.046
greedy,0.3,1000,150,816800,0.436
greedy_fine,0.3,1000,150,21000,4.008
greedy,0.3,1500,189,1092860,1.137
greedy_fine,0.3,1500,189,26460,7.066
greedy,0.3,2000,213,1474520,1.92
greedy_fine,0.3,2000,213,29820,8.694
greedy,0.3,2500,232,2027280,2.967
greedy_fine,0.3,2500,232,32480,11.348
greedy,0.3,3042,239,2323160,4.542
greedy_fine,0.3,3042,239,33460,14.3
greedy,0.4,100,29,50260,0.029
greedy_fine,0.4,100,29,4060,0.119
greedy,0.4,150,44,66560,0.009
greedy_fine,0.4,150,44,6160,0.238
greedy,0.4,200,49,87960,0.013
greedy_fine,0.4,200,49,6860,0.212
greedy,0.4,250,53,137720,0.018
greedy_fine,0.4,250,53,7420,0.379
greedy,0.4,300,58,185520,0.043
greedy_fine,0.4,300,58,8120,0.501
greedy,0.4,350,65,201300,0.029
greedy_fine,0.4,350,65,9100,1.126
greedy,0.4,400,68,219220,0.037
greedy_fine,0.4,400,68,9520,1.632
greedy,0.4,450,77,178080,0.059
greedy_fine,0.4,450,77,10780,1.269
greedy,0.4,500,82,203880,0.069
greedy_fine,0.4,500,82,11480,1.641
greedy,0.4,600,91,320040,0.087
greedy_fine,0.4,600,91,12740,1.896
greedy,0.4,800,95,389800,0.188
greedy_fine,0.4,800,95,13300,2.728
greedy,0.4,1000,115,455500,0.294
greedy_fine,0.4,1000,115,16100,2.437
greedy,0.4,1500,134,722960,0.617
greedy_fine,0.4,1500,134,18760,5.03
greedy,0.4,2000,155,991400,1.044
greedy_fine,0.4,2000,155,21700,6.386
greedy,0.4,2500,166,1391440,1.889
greedy_fine,0.4,2500,166,23240,8.524
greedy,0.4,3042,172,1728780,2.984
greedy_fine,0.4,3042,172,24080,11.587
greedy_new_avg,0.1,100,63,26120,0.067
greedy_new_avg,0.1,150,92,38780,0.034
greedy_new_avg,0.1,200,121,49240,0.062
greedy_new_avg,0.1,250,147,62780,0.096
greedy_new_avg,0.1,300,167,71980,0.153
greedy_new_avg,0.1,350,186,81940,0.248
greedy_new_avg,0.1,400,208,91020,0.345
greedy_new_avg,0.1,450,229,101260,0.466
greedy_new_avg,0.1,500,253,111820,0.556
greedy_new_avg,0.1,600,288,128620,0.79
greedy_new_avg,0.1,800,359,158960,1.592
greedy_new_avg,0.1,1000,420,194600,2.953
greedy_new_avg,0.1,1500,548,266120,7.012
greedy_new_avg,0.1,2000,659,331060,12.907
greedy_new_avg,0.1,2500,761,394840,21.745
greedy_new_avg,0.1,3042,864,461560,34.925
greedy_new_avg,0.2,100,48,12520,0.09
greedy_new_avg,0.2,150,67,18380,0.04
greedy_new_avg,0.2,200,86,23040,0.062
greedy_new_avg,0.2,250,102,28780,0.101
greedy_new_avg,0.2,300,113,32720,0.152
greedy_new_avg,0.2,350,128,37020,0.216
greedy_new_avg,0.2,400,142,40680,0.294
greedy_new_avg,0.2,450,150,43100,0.375
greedy_new_avg,0.2,500,167,48080,0.485
greedy_new_avg,0.2,600,178,54320,0.742
greedy_new_avg,0.2,800,199,64160,1.477
greedy_new_avg,0.2,1000,236,76540,2.515
greedy_new_avg,0.2,1500,285,101900,5.907
greedy_new_avg,0.2,2000,329,125860,10.823
greedy_new_avg,0.2,2500,365,147400,17.741
greedy_new_avg,0.2,3042,392,166180,28.047
greedy_new_avg,0.3,100,39,8760,0.08
greedy_new_avg,0.3,150,56,12140,0.053
greedy_new_avg,0.3,200,64,14860,0.082
greedy_new_avg,0.3,250,70,16800,0.134
greedy_new_avg,0.3,300,76,18240,0.208
greedy_new_avg,0.3,350,88,21320,0.302
greedy_new_avg,0.3,400,98,23520,0.364
greedy_new_avg,0.3,450,103,26020,0.442
greedy_new_avg,0.3,500,109,28460,0.53
greedy_new_avg,0.3,600,113,30820,0.893
greedy_new_avg,0.3,800,131,37140,1.742
greedy_new_avg,0.3,1000,150,43300,3.083
greedy_new_avg,0.3,1500,184,58560,6.744
greedy_new_avg,0.3,2000,209,73060,11.36
greedy_new_avg,0.3,2500,221,85240,18.481
greedy_new_avg,0.3,3042,232,95880,29.048
greedy_new_avg,0.4,100,28,5620,0.099
greedy_new_avg,0.4,150,43,8220,0.06
greedy_new_avg,0.4,200,50,9400,0.136
greedy_new_avg,0.4,250,54,11160,0.163
greedy_new_avg,0.4,300,60,13000,0.237
greedy_new_avg,0.4,350,68,15220,0.382
greedy_new_avg,0.4,400,71,16440,0.41
greedy_new_avg,0.4,450,78,18120,0.532
greedy_new_avg,0.4,500,82,19880,0.702
greedy_new_avg,0.4,600,86,21140,0.977
greedy_new_avg,0.4,800,90,24200,2.056
greedy_new_avg,0.4,1000,111,29540,3.333
greedy_new_avg,0.4,1500,126,38140,7.102
greedy_new_avg,0.4,2000,149,49460,12.252
greedy_new_avg,0.4,2500,153,58220,19.165
greedy_new_avg,0.4,3042,168,67420,30.086
greedy_new,0.1,100,63,82020,0.047
greedy_new_fine,0.1,100,63,8820,0.143
greedy_new,0.1,150,92,112380,0.026
greedy_new_fine,0.1,150,92,12880,0.156
greedy_new,0.1,200,121,144140,0.047
greedy_new_fine,0.1,200,121,16940,0.257
greedy_new,0.1,250,147,282080,0.094
greedy_new_fine,0.1,250,147,20580,0.378
greedy_new,0.1,300,167,291980,0.126
greedy_new_fine,0.1,300,167,23380,0.633
greedy_new,0.1,350,186,362640,0.162
greedy_new_fine,0.1,350,186,26040,0.959
greedy_new,0.1,400,208,460220,0.23
greedy_new_fine,0.1,400,208,29120,1.124
greedy_new,0.1,450,229,493860,0.374
greedy_new_fine,0.1,450,229,34060,1.474
greedy_new,0.1,500,253,568220,0.405
greedy_new_fine,0.1,500,253,35420,1.685
greedy_new,0.1,600,288,879320,0.619
greedy_new_fine,0.1,600,288,40320,2.4
greedy_new,0.1,800,359,876460,1.244
greedy_new_fine,0.1,800,359,52360,3.419
greedy_new,0.1,1000,420,1178400,2.019
greedy_new_fine,0.1,1000,420,58800,4.891
greedy_new,0.1,1500,548,1978620,5.105
greedy_new_fine,0.1,1500,548,76720,8.681
greedy_new,0.1,2000,659,3384660,9.974
greedy_new_fine,0.1,2000,659,92260,14.086
greedy_new,0.1,2500,761,4438640,15.875
greedy_new_fine,0.1,2500,761,106540,21.916
greedy_new,0.1,3042,864,4966060,25.138
greedy_new_fine,0.1,3042,864,120960,33.44
greedy_new,0.2,100,48,31920,0.032
greedy_new_fine,0.2,100,48,6720,0.11
greedy_new,0.2,150,67,62380,0.018
greedy_new_fine,0.2,150,67,9380,0.161
greedy_new,0.2,200,86,93340,0.028
greedy_new_fine,0.2,200,86,12040,0.203
greedy_new,0.2,250,102,123180,0.04
greedy_new_fine,0.2,250,102,14280,0.345
greedy_new,0.2,300,113,256720,0.055
greedy_new_fine,0.2,300,113,15820,0.63
greedy_new,0.2,350,128,261720,0.077
greedy_new_fine,0.2,350,128,17920,0.903
greedy_new,0.2,400,142,364580,0.103
greedy_new_fine,0.2,400,142,19880,0.947
greedy_new,0.2,450,150,467900,0.15
greedy_new_fine,0.2,450,150,21000,1.331
greedy_new,0.2,500,167,363380,0.178
greedy_new_fine,0.2,500,167,23380,1.949
greedy_new,0.2,600,178,542420,0.229
greedy_new_fine,0.2,600,178,24920,1.887
greedy_new,0.2,800,199,715560,0.414
greedy_new_fine,0.2,800,199,27860,2.266
greedy_new,0.2,1000,236,621140,0.769
greedy_new_fine,0.2,1000,236,33040,2.941
greedy_new,0.2,1500,285,1180600,1.916
greedy_new_fine,0.2,1500,285,39900,4.443
greedy_new,0.2,2000,329,1708660,3.622
greedy_new_fine,0.2,2000,329,46060,7.551
greedy_new,0.2,2500,365,1977900,5.421
greedy_new_fine,0.2,2500,365,51100,11.858
greedy_new,0.2,3042,392,2453180,8.313
greedy_new_fine,0.2,3042,392,54880,13.586
greedy_new,0.3,100,39,40560,0.036
greedy_new_fine,0.3,100,39,5460,0.106
greedy_new,0.3,150,56,73140,0.014
greedy_new_fine,0.3,150,56,7840,0.167
greedy_new,0.3,200,64,97960,0.019
greedy_new_fine,0.3,200,64,8960,0.207
greedy_new,0.3,250,70,158700,0.024
greedy_new_fine,0.3,250,70,9800,0.52
greedy_new,0.3,300,76,163840,0.032
greedy_new_fine,0.3,300,76,10640,0.35
greedy_new,0.3,350,88,140220,0.046
greedy_new_fine,0.3,350,88,12320,0.688
greedy_new,0.3,400,98,191420,0.081
greedy_new_fine,0.3,400,98,13720,1.351
greedy_new,0.3,450,103,245920,0.095
greedy_new_fine,0.3,450,103,14420,1.758
greedy_new,0.3,500,109,293360,0.099
greedy_new_fine,0.3,500,109,15260,1.814
greedy_new,0.3,600,113,381220,0.152
greedy_new_fine,0.3,600,113,15820,1.661
greedy_new,0.3,800,131,495840,0.301
greedy_new_fine,0.3,800,131,18340,3.115
greedy_new,0.3,1000,150,608400,0.445
greedy_new_fine,0.3,1000,150,21000,2.318
greedy_new,0.3,1500,184,813760,1.092
greedy_new_fine,0.3,1500,184,25760,3.868
greedy_new,0.3,2000,209,1006060,1.922
greedy_new_fine,0.3,2000,209,29260,7.069
greedy_new,0.3,2500,221,1238940,3.281
greedy_new_fine,0.3,2500,221,30940,7.18
greedy_new,0.3,3042,232,1745180,4.38
greedy_new_fine,0.3,3042,232,32480,11.081
greedy_new,0.4,100,28,55320,0.037
greedy_new_fine,0.4,100,28,3920,0.142
greedy_new,0.4,150,43,69320,0.025
greedy_new_fine,0.4,150,43,6020,0.238
greedy_new,0.4,200,50,70900,0.015
greedy_new_fine,0.4,200,50,7000,0.246
greedy_new,0.4,250,54,176560,0.018
greedy_new_fine,0.4,250,54,7560,0.409
greedy_new,0.4,300,60,172700,0.025
greedy_new_fine,0.4,300,60,8400,0.415
greedy_new,0.4,350,68,167420,0.031
greedy_new_fine,0.4,350,68,9520,1.403
greedy_new,0.4,400,71,214240,0.055
greedy_new_fine,0.4,400,71,9940,1.452
greedy_new,0.4,450,78,207020,0.061
greedy_new_fine,0.4,450,78,10920,1.112
greedy_new,0.4,500,82,160480,0.072
greedy_new_fine,0.4,500,82,11480,1.184
greedy_new,0.4,600,86,205240,0.11
greedy_new_fine,0.4,600,86,12040,1.388
greedy_new,0.4,800,90,291400,0.155
greedy_new_fine,0.4,800,90,12600,1.534
greedy_new,0.4,1000,111,345740,0.328
greedy_new_fine,0.4,1000,111,15540,2.496
greedy_new,0.4,1500,126,513840,0.668
greedy_new_fine,0.4,1500,126,17640,4.689
greedy_new,0.4,2000,149,710360,1.155
greedy_new_fine,0.4,2000,149,20860,4.889
greedy_new,0.4,2500,153,1091420,1.805
greedy_new_fine,0.4,2500,153,21420,6.784
greedy_new,0.4,3042,168,1131320,2.908
greedy_new_fine,0.4,3042,168,23520,12.917
mip_cluster,0.1,100,99,29448,0.13
mip_cluster,0.1,150,149,44631,0.137
mip_cluster,0.1,200,199,58008,0.234
mip_cluster,0.1,250,249,74315,0.365
mip_cluster,0.1,300,299,87203,0.407
mip_cluster,0.1,350,349,102533,0.476
mip_cluster,0.1,400,399,115764,0.623
mip_cluster,0.1,450,449,129970,0.833
mip_cluster,0.1,500,499,145349,0.872
mip_cluster,0.1,600,599,174593,0.93
mip_cluster,0.1,800,799,231178,1.761
mip_cluster,0.1,1000,999,291765,2.785
mip_cluster,0.1,1500,1499,433981,4.996
mip_cluster,0.1,2000,1999,579223,8.264
mip_cluster,0.1,2500,2499,721733,13.625
mip_cluster,0.1,3042,3041,879203,20.104
mip_cluster,0.2,100,98,16691,0.137
mip_cluster,0.2,150,148,25280,0.193
mip_cluster,0.2,200,196,32946,0.364
mip_cluster,0.2,250,244,42070,0.562
mip_cluster,0.2,300,294,49514,0.465
mip_cluster,0.2,350,344,58179,0.604
mip_cluster,0.2,400,391,65752,0.772
mip_cluster,0.2,450,440,73839,1.015
mip_cluster,0.2,500,487,82484,1.358
mip_cluster,0.2,600,586,99086,1.706
mip_cluster,0.2,800,782,131331,2.878
mip_cluster,0.2,1000,977,165550,4.934
mip_cluster,0.2,1500,1457,246370,8.582
mip_cluster,0.2,2000,1944,328793,13.302
mip_cluster,0.2,2500,2421,409688,21.06
mip_cluster,0.2,3042,2947,499024,30.735
mip_cluster,0.3,100,86,12398,0.177
mip_cluster,0.3,150,129,18758,0.302
mip_cluster,0.3,200,170,24472,0.358
mip_cluster,0.3,250,211,31154,0.563
mip_cluster,0.3,300,252,36737,0.77
mip_cluster,0.3,350,295,43140,1.008
mip_cluster,0.3,400,335,48771,1.429
mip_cluster,0.3,450,378,54777,1.796
mip_cluster,0.3,500,420,61132,2.541
mip_cluster,0.3,600,505,73435,2.734
mip_cluster,0.3,800,673,97385,4.083
mip_cluster,0.3,1000,841,122633,7.522
mip_cluster,0.3,1500,1246,182444,12.232
mip_cluster,0.3,2000,1681,243515,17.873
mip_cluster,0.3,2500,2085,303323,28.127
mip_cluster,0.3,3042,2549,369468,38.81
mip_cluster,0.4,100,79,10098,0.186
mip_cluster,0.4,150,120,15289,0.368
mip_cluster,0.4,200,158,19993,0.447
mip_cluster,0.4,250,198,25413,0.772
mip_cluster,0.4,300,236,30003,1.098
mip_cluster,0.4,350,271,35223,1.47
mip_cluster,0.4,400,307,39829,2.105
mip_cluster,0.4,450,343,44733,2.451
mip_cluster,0.4,500,380,49903,3.186
mip_cluster,0.4,600,451,59942,3.33
mip_cluster,0.4,800,596,79556,5.299
mip_cluster,0.4,1000,733,100114,10.169
mip_cluster,0.4,1500,1083,148921,15.231
mip_cluster,0.4,2000,1445,198895,22.608
mip_cluster,0.4,2500,1780,247643,34.04
mip_cluster,0.4,3042,2173,301716,47.827
mip,0.1,100,99,29448,0.129
mip,0.1,150,149,44631,0.138
mip,0.1,200,199,58008,0.232
mip,0.1,250,249,74315,0.371
mip,0.1,300,299,87204,0.543
mip,0.1,350,349,102534,0.742
mip,0.1,400,399,115764,1.103
mip,0.1,450,449,129971,1.232
mip,0.1,500,499,145350,1.529
mip,0.1,600,599,174594,2.327
mip,0.1,800,799,231178,4.169
mip,0.1,1000,999,291766,7.077
mip,0.1,1500,1499,433983,16.013
mip,0.1,2000,1999,579227,31.595
mip,0.1,2500,2499,721737,57.385
mip,0.1,3042,3041,879208,93.396
mip,0.2,100,98,16691,0.138
mip,0.2,150,148,25280,0.192
mip,0.2,200,196,32946,0.366
mip,0.2,250,244,42070,0.561
mip,0.2,300,294,49515,0.688
mip,0.2,350,344,58179,0.891
mip,0.2,400,391,65752,1.166
mip,0.2,450,440,73840,1.571
mip,0.2,500,487,82486,2.188
mip,0.2,600,586,99087,3.294
mip,0.2,800,782,131331,6.521
mip,0.2,1000,977,165551,9.607
mip,0.2,1500,1457,246372,28.481
mip,0.2,2000,1944,328795,55.682
mip,0.2,2500,2422,409707,95.893
mip,0.2,3042,2949,499050,147.752
mip,0.3,100,86,12398,0.19
mip,0.3,150,129,18758,0.299
mip,0.3,200,170,24472,0.356
mip,0.3,250,211,31154,0.569
mip,0.3,300,252,36737,0.912
mip,0.3,350,295,43140,1.331
mip,0.3,400,335,48772,1.931
mip,0.3,450,379,54782,2.658
mip,0.3,500,420,61133,3.49
mip,0.3,600,505,73433,5.266
mip,0.3,800,673,97387,9.479
mip,0.3,1000,842,122640,15.814
mip,0.3,1500,1246,182446,42.717
mip,0.3,2000,1681,243529,85.009
mip,0.3,2500,2090,303353,151.486
mip,0.3,3042,2550,369477,251.021
mip,0.4,100,79,10098,0.196
mip,0.4,150,120,15289,0.364
mip,0.4,200,158,19993,0.446
mip,0.4,250,198,25414,0.803
mip,0.4,300,235,30002,1.285
mip,0.4,350,271,35223,1.962
mip,0.4,400,307,39830,2.85
mip,0.4,450,343,44734,3.82
mip,0.4,500,380,49905,4.768
mip,0.4,600,451,59944,6.549
mip,0.4,800,596,79557,13.477
mip,0.4,1000,733,100117,24.172
mip,0.4,1500,1081,148918,64.385
mip,0.4,2000,1452,198910,118.222
mip,0.4,2500,1791,247667,224.518
mip,0.4,3042,2181,301742,379.253
