mip_cluster,0.1,100,86,89243,0.126
mip_cluster,0.1,150,128,134481,0.143
mip_cluster,0.1,200,168,175732,0.249
mip_cluster,0.1,250,207,222401,0.39
mip_cluster,0.1,300,246,262649,0.453
mip_cluster,0.1,350,285,307934,0.504
mip_cluster,0.1,400,321,348173,0.668
mip_cluster,0.1,450,357,390923,0.833
mip_cluster,0.1,500,397,435554,0.969
mip_cluster,0.1,600,468,522421,1.02
mip_cluster,0.1,800,617,693100,1.933
mip_cluster,0.1,1000,755,870495,3.022
mip_cluster,0.1,1500,1106,1292538,6.142
mip_cluster,0.1,2000,1473,1724149,9.636
mip_cluster,0.1,2500,1808,2143881,16.003
mip_cluster,0.1,3042,2202,2610671,22.9
mip_cluster,0.2,100,62,57346,0.178
mip_cluster,0.2,150,97,87199,0.219
mip_cluster,0.2,200,125,114072,0.5
mip_cluster,0.2,250,153,143965,0.654
mip_cluster,0.2,300,177,169144,0.614
mip_cluster,0.2,350,204,197768,0.708
mip_cluster,0.2,400,230,223763,0.974
mip_cluster,0.2,450,255,250781,1.541
mip_cluster,0.2,500,282,278989,2.004
mip_cluster,0.2,600,331,333135,2.215
mip_cluster,0.2,800,425,440209,3.796
mip_cluster,0.2,1000,516,550695,6.78
mip_cluster,0.2,1500,724,812605,12.13
mip_cluster,0.2,2000,934,1081466,18.625
mip_cluster,0.2,2500,1134,1341404,28.418
mip_cluster,0.2,3042,1347,1629990,39.267
mip_cluster,0.3,100,52,44674,0.269
mip_cluster,0.3,150,77,67960,0.366
mip_cluster,0.3,200,99,88689,0.656
mip_cluster,0.3,250,123,111368,0.76
mip_cluster,0.3,300,134,129441,1.051
mip_cluster,0.3,350,153,151170,1.637
mip_cluster,0.3,400,166,170357,2.206
mip_cluster,0.3,450,182,190561,2.606
mip_cluster,0.3,500,203,212392,3.492
mip_cluster,0.3,600,240,252352,4.546
mip_cluster,0.3,800,293,330610,7.286
mip_cluster,0.3,1000,354,412728,12.56
mip_cluster,0.3,1500,463,602709,22.683
mip_cluster,0.3,2000,568,796082,36.293
mip_cluster,0.3,2500,663,982842,60.275
mip_cluster,0.3,3042,776,1190018,67.28
mip_cluster,0.4,100,42,37124,0.229
mip_cluster,0.4,150,64,56605,0.505
mip_cluster,0.4,200,81,73691,0.671
mip_cluster,0.4,250,99,92031,1.483
mip_cluster,0.4,300,107,105956,1.885
mip_cluster,0.4,350,124,123531,2.776
mip_cluster,0.4,400,131,138134,3.478
mip_cluster,0.4,450,141,154075,4.867
mip_cluster,0.4,500,152,171273,5.665
mip_cluster,0.4,600,171,202873,7.695
mip_cluster,0.4,800,199,263475,12.46
mip_cluster,0.4,1000,239,327462,32.447
mip_cluster,0.4,1500,308,474066,34.616
mip_cluster,0.4,2000,369,623350,55.791
mip_cluster,0.4,2500,421,767214,93.364
mip_cluster,0.4,3042,477,925272,163.51
