greedy,0.1,100,62,8680,0.036
greedy_fine,0.1,100,62,8680,0.121
greedy,0.1,150,92,12880,0.027
greedy_fine,0.1,150,92,12880,0.156
greedy,0.1,200,122,17080,0.047
greedy_fine,0.1,200,122,17080,0.27
greedy,0.1,250,147,20580,0.072
greedy_fine,0.1,250,147,20580,0.424
greedy,0.1,300,167,23380,0.106
greedy_fine,0.1,300,167,23380,0.634
greedy,0.1,350,188,26320,0.166
greedy_fine,0.1,350,188,26320,0.921
greedy,0.1,400,208,29120,0.211
greedy_fine,0.1,400,208,29120,1.212
greedy,0.1,450,228,31920,0.302
greedy_fine,0.1,450,228,31920,1.438
greedy,0.1,500,253,35420,0.44
greedy_fine,0.1,500,253,35420,1.964
greedy,0.1,600,287,40180,0.592
greedy_fine,0.1,600,287,40180,3.32
greedy,0.1,800,359,50260,1.215
greedy_fine,0.1,800,359,50260,3.579
greedy,0.1,1000,421,58940,2.011
greedy_fine,0.1,1000,421,58940,5.609
greedy,0.1,1500,554,77560,5.178
greedy_fine,0.1,1500,554,77560,9.898
greedy,0.1,2000,666,93240,10.142
greedy_fine,0.1,2000,666,93240,16.115
greedy,0.1,2500,775,108500,15.97
greedy_fine,0.1,2500,775,108500,23.746
greedy,0.1,3042,892,124880,25.597
greedy_fine,0.1,3042,892,124880,36.361
