mip_cluster_2_2_2_2,0.1,100,62,2480,0.216
mip_cluster_2_2_2_2,0.1,150,93,3680,0.154
mip_cluster_2_2_2_2,0.1,200,120,4800,0.303
mip_cluster_2_2_2_2,0.1,250,144,5760,0.444
mip_cluster_2_2_2_2,0.1,300,164,6560,0.526
mip_cluster_2_2_2_2,0.1,350,187,7360,0.657
mip_cluster_2_2_2_2,0.1,400,205,8200,0.79
mip_cluster_2_2_2_2,0.1,450,226,9040,1.049
mip_cluster_2_2_2_2,0.1,500,249,9960,1.082
mip_cluster_2_2_2_2,0.1,600,283,11321,1.338
mip_cluster_2_2_2_2,0.1,800,352,14041,2.795
mip_cluster_2_2_2_2,0.1,1000,411,16401,4.405
mip_cluster_2_2_2_2,0.1,1500,535,21320,9.78
mip_cluster_2_2_2_2,0.1,2000,637,25361,14.487
mip_cluster_2_2_2_2,0.1,2500,741,29241,35.685
mip_cluster_2_2_2_2,0.1,3042,840,33168,43.789
mip_cluster_2_2_2,0.2,100,46,1840,0.181
mip_cluster_2_2_2,0.2,150,65,2600,0.27
mip_cluster_2_2_2,0.2,200,84,3360,0.497
mip_cluster_2_2_2,0.2,250,100,3960,0.777
mip_cluster_2_2_2,0.2,300,111,4400,0.863
mip_cluster_2_2_2,0.2,350,126,5040,1.388
mip_cluster_2_2_2,0.2,400,137,5480,1.47
mip_cluster_2_2_2,0.2,450,145,5800,2.479
mip_cluster_2_2_2,0.2,500,160,6360,2.945
mip_cluster_2_2_2,0.2,600,171,6800,3.617
mip_cluster_2_2_2,0.2,800,195,7800,12.191
mip_cluster_2_2_2,0.2,1000,224,8880,16.344
mip_cluster_2_2_2,0.2,1500,280,10800,68.7
mip_cluster_2_2_2,0.2,2000,328,12240,51.824
mip_cluster_2_2_2,0.2,2500,351,13320,98.337
mip_cluster_2_2_2,0.2,3042,383,14520,353.279
mip_cluster_2_2,0.3,100,37,1480,0.232
mip_cluster_2_2,0.3,150,53,2120,0.325
mip_cluster_2_2,0.3,200,62,2480,0.745
mip_cluster_2_2,0.3,250,71,2800,2.133
mip_cluster_2_2,0.3,300,77,2960,2.74
mip_cluster_2_2,0.3,350,86,3440,4.384
mip_cluster_2_2,0.3,400,94,3680,5.603
mip_cluster_2_2,0.3,450,103,4000,6.355
mip_cluster_2_2,0.3,500,110,4160,10.698
mip_cluster_2_2,0.3,600,117,4400,17.815
mip_cluster_2_2,0.3,800,122,4880,16.63
mip_cluster_2_2,0.3,1000,149,5680,44.519
mip_cluster_2_2,0.3,1500,167,6600,70.525
mip_cluster_2_2,0.3,2000,202,7520,676.059
mip_cluster_2_2,0.3,2500,218,8000,218.363
mip_cluster_2_2,0.3,3042,220,8481,778.082
mip_cluster_2,0.4,100,26,1040,0.246
mip_cluster_2,0.4,150,41,1640,0.446
mip_cluster_2,0.4,200,45,1800,0.721
mip_cluster_2,0.4,250,52,2080,1.595
mip_cluster_2,0.4,300,55,2160,2.585
mip_cluster_2,0.4,350,63,2520,4.012
mip_cluster_2,0.4,400,69,2640,5.864
mip_cluster_2,0.4,450,72,2880,9.598
mip_cluster_2,0.4,500,77,3000,53.447
mip_cluster_2,0.4,600,83,3320,21.074
mip_cluster_2,0.4,800,87,3360,28.845
mip_cluster_2,0.4,1000,108,4000,53.299
mip_cluster_2,0.4,1500,120,4760,445.165
mip_cluster_2,0.4,2000,127,5080,120.251
mip_cluster_2,0.4,2500,145,5642,2585.932
mip_cluster_2,0.4,3042,156,5920,2634.689
