Distance threshold: 2649 0.01
mip_cluster,0.1,3042,2041,2576109,71.345
greedy,0.1,3042,59,11492100,0.751
greedy_fine,0.1,3042,59,29500,5.39

Distance threshold: 530 0.05
mip_cluster,0.1,3042,2087,2590859,41.868
greedy,0.1,3042,266,13538500,5.027
greedy_fine,0.1,3042,266,133000,7.84

Distance threshold: 265 0.1
mip_cluster,0.1,3042,2161,2602150,28.749
greedy,0.1,3042,598,12544200,13.304
greedy_fine,0.1,3042,598,299000,15.183

Distance threshold: 53 0.5
mip_cluster,0.1,3042,2451,2647986,14.714
greedy,0.1,3042,1766,6448000,108.16
greedy_fine,0.1,3042,1766,883000,110.371

Distance threshold: 26 1
greedy,0.1,3042,2128,4654100,173.074
greedy_fine,0.1,3042,2128,1064000,175.509
mip_cluster,0.1,3042,2654,2675425,13.994


trans_delay
greedy,0.1,3042,892,12461900,27.014
greedy_fine,0.1,3042,892,446000,28.855
mip_cluster,0.1,3042,2202,2610671,22.551

distance
greedy,0.1,3042,892,12461900,26.99
greedy_fine,0.1,3042,892,446000,28.868
mip_cluster,0.1,3042,2652,2669038,14.012
